Dice needed: 6400 - 80x80 [dice] 
Estimated dimensions: 64.0x64.0 [cm] - regular die width is 8mm
INSTRUCTIONS - from left to right, top to bottom
22333322235444444443333333333333333333333333333444433333333333311144444444444443|
33333322345444444444333333333333333333333333333444433333333333321134444444444346|
33333222345444444444333333333333333333333333333344443322233333331114444444433566|
33333222345444444444333333333333333333333333433444443322223333332112444444334666|
33332222345444444444433333333333443444333343443444443322333333333211344444356666|
32222232345444444444433433333334444444333334444444443333333333333311244443566666|
22222222345444444444444433333333444444433333344444443333333333333321134445666666|
22233322345544444444434333333433332222344443333444443333333333333331114456666666|
22233322345544444444443434433333322222222344344444443333333333333332112566666666|
22343222345544444444444433334333332222221134444444443333333333333333111666666666|
22353222345554444444444434444333333222222112444444443333333333333333214666666666|
23453222345544444444444344444333333222221111234444443333333333333333356666666665|
24553222345544444444444344444333333222222211112544443333344333333333466666666563|
34553222345544444444444444444433333222221111111454443333355333333333666666665533|
45553322345544444444444444444333333322211111111145543333356433333335666666665433|
55554322345544444444444444443333333332111111111114553333356543333346666666654332|
55553322345544444444344444443333333221221111111111553333356653333366666666643322|
55553322345554444444244444433333442222211111111111254333356663222566666666533322|
55554322345554444443344444333334322222211111111111144333356631111666666665333233|
55454322345544444442344444443343222222222211111111124333356221111466666664332333|
44444322345544444442344444433432222222222211112111112333442111111466666653323333|
44444322245544444442444444444333322222222221122111111233211111111566666633323333|
44443322245544444442344444443333222222222222222212222221111111111666666433223333|
44444322245544444432344444433333332222222222222222222211111111112666665333223333|
44444222245544444432334444333333333222222222222222222111111112224666664332223333|
45443222245544444432334443333333333322223222222222221111111122325666653322333333|
44443222235544444531233433333333333333332222323222122111111133326666633323333333|
44443222235544444531233444433333333454344344542221111111111344246666533223333333|
44443222235544444531233444334333434454455556532111111111234542366666433223333333|
44443222235544444441233443343334345565455665322222221113444324666665332223333333|
44443222235544444452123433434444555664655643222222221344332236666664322222333333|
44443222235554444443123434443355565656555532222222224544322466666653322222233333|
44444222235554444444223443444455565666654422222222213544325666666643322222223333|
44454322235554444444213444344565565566654322222221112455346666666643222222223333|
44454322235544444444314444446566556466543222222211111465346666666533322222223333|
44454322235544444444424444566666655565323222222211111366446666666433333332223333|
44454322235544444444434334666566665553222222322211111256446666665332233333333333|
44454322235544444444444345656566655642222232222211111256536666664332222233333333|
44454322235544444443463455656666656432222444322222111356636656664323332233333333|
44454322235544444433454555556666565322224334543222234456635566653323333333333333|
44454322235544444333346545555656663222356656543321356666635566653333333333333333|
44554322235544454233465564665666642212565533543312553566635566643333333333333333|
44554322235544455325656554566666532124454422444313443566635566633333333333333332|
44554322235444543365456554466666422243333433343312334556634666533333333333333222|
45554322235544335565456544566665322443323322333311334456644666433333333333322122|
55554322235543344654466544456664225433322222333311233456644666333333333333211221|
55564322235544455554566666446653245433322222333321233456643665333333333333211111|
55565322235444444554566666445642365433332222333321233466643664323333333332111111|
55565322235444545544566655356532665433332223334421333466653664333333333321111111|
55565322235444545554566654566334655443333323333321333566653563333333333321111111|
55564322235544546454456665664236655443333333334432334665663553333333333311111111|
55554322235544555554456465544266655443333333333322335665663443333333333211111111|
55554222235544555654445564334566654443333333332212336665564433333333333211111111|
55554322235544555555544643244666664443333333332112346665564433333333333211111111|
65554222235444555645554422446666565443333444444344366655564333333333333211111111|
66654222234545565545455323356666565544333344433233466665565333333333333111111111|
66654322235445565545544323466666565544433333433333666665555333333333333111111111|
66654322235445565444444424666666665554433333333335666655555333333333333111111111|
66644322235455566544454436666666666655443333322336666655555233333333343111111111|
66654322235555566555443456666666666656544333222346666655555233333333342111111123|
66654322234455666545443336665666666655554433323346666655555344333333342111112466|
56654322233556565544544453665666666665433333333212466655554344444443441111124665|
45565322235466565554444444466666666665444333332211124655554333344444442111246555|
33455322233566555555454334556566666565444333332221111365554333333444441111455555|
43355322233666655665554434446666665555443333332222111136554333333344331112555445|
53246322234666665666555443536666666455433333332222211114663333333333321114554444|
64246322234666665665554533636656666455433333333222211111663333333343211125544544|
64246322234666664666654543535556665445433333333222211111463333333342111135444544|
64236322235666655666665434345666665445433333333222211111363333333441111244445445|
65236322234666665666656444555556654455333333333322221111153333333431111344445445|
65236322234666666666655444566666654354333333333322221111143333333332111444454455|
65335322234666666666565545446666644454333333333332221111124433333333212444544545|
66335322234666666566654565456666544553333333333332222111115554443333113455545455|
66225422234666666566665345666666444643333333333333222111114555565422124555455456|
55324422234666666666666444666665446533333333333333222111113445566412135554554456|
54324422234666666556666544666654465433333333333333222211112544555412355554554455|
54324422235666666555665545666655544433333333333333322221111544444424555545544555|
65323422236666656554655545666654444333333333333333322221111454444445555455544566|
66312422236666656554556555666544443333333333333333322221111354444444454555445666|
66312422236666555655456565565444443333333333333333322222111255443434455554446655|
